    NotasCredito freq
1            350    5
2            351    1
3            358    1
4            359    1
5            363    1
6            365    1
7            367    1
8            373    1
9            376    2
10           382    1
11           383    1
12           386    1
13           395    1
14           399    1
15           401    1
16           404    1
17           405    2
18           407    1
19           408    2
20           410    3
21           411    4
22           412    1
23           413    3
24           414    2
25           415    3
26           416    4
27           417    1
28           418    6
29           419    1
30           420    3
31           421    3
32           422    4
33           423    1
34           424    1
35           425    4
36           426    2
37           427    6
38           428    3
39           429    4
40           430    9
41           431    5
42           432    5
43           433    3
44           434    6
45           435    5
46           436    2
47           437    6
48           438    6
49           439    7
50           440    1
51           441    1
52           442    1
53           443    8
54           444    6
55           445   12
56           446    5
57           447    4
58           448    2
59           449    6
60           450    4
61           451    5
62           452   10
63           453    6
64           454    4
65           455    4
66           456    5
67           457    7
68           458    7
69           459    5
70           460    4
71           461    8
72           462    4
73           463    4
74           464    7
75           465    9
76           466   10
77           467    4
78           468   11
79           469    7
80           470    9
81           471    7
82           472    8
83           473    8
84           474    9
85           475    6
86           476    8
87           477   13
88           478    7
89           479   17
90           480    9
91           481   10
92           482    6
93           483    7
94           484   11
95           485   12
96           486    9
97           487   14
98           488   10
99           489   12
100          490   13
101          491   10
102          492   15
103          493   12
104          494   13
105          495    8
106          496   12
107          497   15
108          498   17
109          499   15
110          500   11
111          501   19
112          502   14
113          503   13
114          504   14
115          505   15
116          506   16
117          507   18
118          508   16
119          509   13
120          510   14
121          511   16
122          512   24
123          513   17
124          514   11
125          515   16
126          516   30
127          517   11
128          518   15
129          519   14
130          520   27
131          521   26
132          522    9
133          523   21
134          524   19
135          525   19
136          526   23
137          527   20
138          528   22
139          529   30
140          530   19
141          531   21
142          532   13
143          533   11
144          534   19
145          535   29
146          536   14
147          537   28
148          538   20
149          539   25
150          540   24
151          541   14
152          542   23
153          543   31
154          544   25
155          545   24
156          546   18
157          547   22
158          548   21
159          549   24
160          550   31
161          551   21
162          552   17
163          553   24
164          554   41
165          555   29
166          556   27
167          557   21
168          558   23
169          559   33
170          560   19
171          561   25
172          562   27
173          563   19
174          564   25
175          565   23
176          566   15
177          567   32
178          568   23
179          569   29
180          570   23
181          571   26
182          572   23
183          573   31
184          574   21
185          575   24
186          576   27
187          577   34
188          578   22
189          579   37
190          580   31
191          581   38
192          582   27
193          583   33
194          584   43
195          585   28
196          586   34
197          587   31
198          588   34
199          589   30
200          590   36
201          591   31
202          592   38
203          593   38
204          594   33
205          595   29
206          596   30
207          597   40
208          598   34
209          599   34
210          600   32
211          601   40
212          602   34
213          603   33
214          604   34
215          605   37
216          606   40
217          607   36
218          608   43
219          609   30
220          610   29
221          611   38
222          612   30
223          613   42
224          614   37
225          615   35
226          616   37
227          617   31
228          618   28
229          619   44
230          620   33
231          621   33
232          622   36
233          623   32
234          624   37
235          625   43
236          626   28
237          627   44
238          628   43
239          629   37
240          630   38
241          631   33
242          632   42
243          633   45
244          634   40
245          635   42
246          636   36
247          637   46
248          638   34
249          639   37
250          640   47
251          641   38
252          642   37
253          643   32
254          644   39
255          645   45
256          646   44
257          647   31
258          648   48
259          649   36
260          650   37
261          651   50
262          652   48
263          653   37
264          654   30
265          655   54
266          656   39
267          657   32
268          658   34
269          659   38
270          660   48
271          661   35
272          662   37
273          663   47
274          664   32
275          665   33
276          666   38
277          667   53
278          668   35
279          669   36
280          670   50
281          671   34
282          672   27
283          673   35
284          674   30
285          675   37
286          676   36
287          677   35
288          678   63
289          679   45
290          680   40
291          681   39
292          682   47
293          683   48
294          684   52
295          685   35
296          686   45
297          687   45
298          688   30
299          689   33
300          690   29
301          691   34
302          692   32
303          693   33
304          694   33
305          695   37
306          696   38
307          697   36
308          698   41
309          699   40
310          700   32
311          701   41
312          702   27
313          703   32
314          704   34
315          705   53
316          706   44
317          707   36
318          708   28
319          709   36
320          710   45
321          711   39
322          712   41
323          713   26
324          714   45
325          715   27
326          716   27
327          717   34
328          718   38
329          719   27
330          720   28
331          721   32
332          722   22
333          723   20
334          724   37
335          725   27
336          726   29
337          727   36
338          728   23
339          729   31
340          730   33
341          731   34
342          732   29
343          733   30
344          734   20
345          735   26
346          736   20
347          737   22
348          738   31
349          739   27
350          740   19
351          741   27
352          742   21
353          743   29
354          744   28
355          745   29
356          746   23
357          747   22
358          748   28
359          749   30
360          750   25
361          751   27
362          752   24
363          753   26
364          754   27
365          755   24
366          756   30
367          757   30
368          758   27
369          759   19
370          760   19
371          761   11
372          762   26
373          763   20
374          764   17
375          765   19
376          766   20
377          767   21
378          768   18
379          769   24
380          770   15
381          771   19
382          772   16
383          773   26
384          774   24
385          775   28
386          776   18
387          777   20
388          778   22
389          779   20
390          780   11
391          781   19
392          782   18
393          783   11
394          784   12
395          785   18
396          786   18
397          787   14
398          788   13
399          789   13
400          790   23
401          791   14
402          792   18
403          793   18
404          794   21
405          795   11
406          796   15
407          797   14
408          798   13
409          799   12
410          800   10
411          801    7
412          802   14
413          803   15
414          804    8
415          805   12
416          806   15
417          807   19
418          808   10
419          809   15
420          810    6
421          811   13
422          812   12
423          813   11
424          814   11
425          815   11
426          816    6
427          817    9
428          818    6
429          819    6
430          820    8
431          821    8
432          822    5
433          823    7
434          824    7
435          825    8
436          826    7
437          827    5
438          828   10
439          829    8
440          830    2
441          831    6
442          832    6
443          833    9
444          834   11
445          835   12
446          836    5
447          837    8
448          838    8
449          839    3
450          840    5
451          841   12
452          842    7
453          843    2
454          844    7
455          845    6
456          846    5
457          847    6
458          848    5
459          849    8
460          850  233
