   Idade freq
1     18   22
2     19   27
3     20   40
4     21   53
5     22   84
6     23   99
7     24  132
8     25  154
9     26  200
10    27  209
11    28  273
12    29  348
13    30  327
14    31  404
15    32  418
16    33  442
17    34  447
18    35  474
19    36  456
20    37  478
21    38  477
22    39  423
23    40  432
24    41  366
25    42  321
26    43  297
27    44  257
28    45  229
29    46  226
30    47  175
31    48  168
32    49  147
33    50  134
34    51  119
35    52  102
36    53   74
37    54   84
38    55   82
39    56   70
40    57   75
41    58   67
42    59   62
43    60   62
44    61   53
45    62   52
46    63   40
47    64   37
48    65   18
49    66   35
50    67   37
51    68   19
52    69   22
53    70   18
54    71   27
55    72   21
56    73   13
57    74   18
58    75    9
59    76   11
60    77   10
61    78    5
62    79    4
63    80    3
64    81    4
65    82    1
66    83    1
67    84    2
68    85    1
69    88    1
70    92    2
