            Salario freq
1    -R$ 135,778,00    1
2    -R$ 277,552,00    1
3    -R$ 286,745,00    1
4     -R$ 68,298,00    1
5     -R$ 93,561,00    1
6   R$ 1,030,410,00    1
7   R$ 1,056,130,00    1
8   R$ 1,058,809,00    1
9   R$ 1,094,574,00    1
10  R$ 1,160,986,00    1
11  R$ 1,170,451,00    1
12  R$ 1,204,968,00    1
13  R$ 1,261,519,00    1
14  R$ 1,274,028,00    1
15  R$ 1,300,081,00    1
16  R$ 1,304,830,00    1
17  R$ 1,333,076,00    1
18  R$ 1,339,132,00    1
19  R$ 1,395,167,00    1
20  R$ 1,421,039,00    1
21  R$ 1,428,708,00    1
22  R$ 1,463,832,00    1
23  R$ 1,483,676,00    1
24  R$ 1,485,686,00    1
25  R$ 1,489,492,00    1
26  R$ 1,491,468,00    1
27  R$ 1,589,231,00    1
28  R$ 1,834,919,00    1
29  R$ 1,843,624,00    1
30  R$ 1,853,639,00    1
31  R$ 1,885,900,00    1
32  R$ 1,905,868,00    1
33  R$ 1,919,960,00    1
34      R$ 1.002,39    1
35      R$ 1.050,33    1
36      R$ 1.055,66    1
37      R$ 1.099,95    1
38      R$ 1.112,76    1
39      R$ 1.118,31    1
40      R$ 1.173,23    1
41      R$ 1.187,88    1
42      R$ 1.235,49    1
43      R$ 1.243,97    1
44      R$ 1.262,83    1
45      R$ 1.271,51    1
46      R$ 1.276,87    1
47      R$ 1.285,81    1
48      R$ 1.299,75    1
49      R$ 1.351,41    1
50      R$ 1.354,25    1
51      R$ 1.364,54    1
52      R$ 1.375,46    1
53      R$ 1.408,68    1
54      R$ 1.474,79    1
55      R$ 1.485,27    1
56      R$ 1.539,21    1
57      R$ 1.540,89    1
58      R$ 1.557,82    1
59      R$ 1.561,58    1
60      R$ 1.568,91    1
61      R$ 1.591,19    1
62      R$ 1.676,92    1
63      R$ 1.703,58    1
64      R$ 1.710,89    1
65      R$ 1.775,52    1
66      R$ 1.787,85    1
67      R$ 1.790,48    1
68      R$ 1.795,93    1
69      R$ 1.801,77    1
70      R$ 1.843,24    1
71      R$ 1.852,58    1
72      R$ 1.871,25    1
73      R$ 1.907,66    1
74      R$ 1.914,41    1
75      R$ 1.950,93    1
76      R$ 1.985,41    1
77     R$ 10.008,68    1
78     R$ 10.014,72    1
79     R$ 10.023,15    1
80     R$ 10.034,77    1
81     R$ 10.054,53    1
82     R$ 10.062,80    1
83     R$ 10.063,75    1
84     R$ 10.070,40    1
85     R$ 10.072,55    1
86     R$ 10.074,05    1
87     R$ 10.078,02    1
88     R$ 10.096,25    1
89     R$ 10.109,47    1
90     R$ 10.137,34    1
91     R$ 10.160,23    1
92     R$ 10.209,80    1
93     R$ 10.288,24    1
94     R$ 10.333,78    1
95     R$ 10.334,05    1
96     R$ 10.350,74    1
97     R$ 10.357,03    1
98     R$ 10.417,87    1
99     R$ 10.472,31    1
100    R$ 10.486,69    1
101    R$ 10.488,44    1
102    R$ 10.494,64    1
103    R$ 10.511,13    1
104    R$ 10.541,38    1
105    R$ 10.553,31    1
106    R$ 10.579,72    1
107    R$ 10.598,29    1
108    R$ 10.604,48    1
109    R$ 10.625,91    1
110    R$ 10.627,21    1
111    R$ 10.643,38    1
112    R$ 10.656,89    1
113    R$ 10.662,58    1
114    R$ 10.666,05    1
115    R$ 10.672,54    1
116    R$ 10.674,62    1
117    R$ 10.703,53    1
118    R$ 10.712,82    1
119    R$ 10.722,54    1
120    R$ 10.771,46    1
121    R$ 10.772,13    1
122    R$ 10.779,69    1
123    R$ 10.789,30    1
124    R$ 10.792,42    1
125    R$ 10.804,04    1
126    R$ 10.828,78    1
127    R$ 10.842,46    1
128    R$ 10.883,52    1
129    R$ 10.899,63    1
130    R$ 10.908,33    1
131    R$ 10.921,50    1
132    R$ 10.928,30    1
133    R$ 10.940,40    1
134    R$ 10.956,82    1
135    R$ 10.958,18    1
136    R$ 10.963,04    1
137   R$ 100.015,79    1
138   R$ 100.060,54    1
139   R$ 100.075,10    1
140   R$ 100.101,06    1
141   R$ 100.127,71    1
142   R$ 100.130,95    1
143   R$ 100.137,70    1
144   R$ 100.153,43    1
145   R$ 100.183,05    1
146   R$ 100.187,43    1
147   R$ 100.200,40    1
148   R$ 100.236,02    1
149   R$ 100.240,20    1
150   R$ 100.304,13    1
151   R$ 100.324,01    1
152   R$ 100.335,55    1
153   R$ 100.365,51    1
154   R$ 100.403,05    1
155   R$ 100.408,31    1
156   R$ 100.423,88    1
157   R$ 100.433,83    1
158   R$ 100.442,22    1
159   R$ 100.447,53    1
160   R$ 100.478,60    1
161   R$ 100.496,84    1
162   R$ 100.507,81    1
163   R$ 100.538,80    1
164   R$ 100.556,98    1
165   R$ 100.557,03    1
166   R$ 100.564,37    1
167   R$ 100.566,81    1
168   R$ 100.598,98    1
169   R$ 100.601,73    1
170   R$ 100.615,14    1
171   R$ 100.618,17    1
172   R$ 100.637,07    1
173   R$ 100.686,11    1
174   R$ 100.687,67    1
175   R$ 100.717,54    1
176   R$ 100.720,02    1
177   R$ 100.722,72    1
178   R$ 100.727,68    1
179   R$ 100.750,03    1
180   R$ 100.791,36    1
181   R$ 100.809,99    1
182   R$ 100.816,29    1
183   R$ 100.834,22    1
184   R$ 100.835,19    1
185   R$ 100.843,82    1
186   R$ 100.862,36    1
187   R$ 100.862,54    1
188   R$ 100.919,19    1
189   R$ 100.929,59    1
190   R$ 100.940,91    1
191   R$ 100.941,57    1
192   R$ 100.950,48    1
193   R$ 100.982,93    1
194   R$ 100.995,11    1
195   R$ 100.995,68    1
196   R$ 100.998,50    1
197   R$ 101,495,00    1
198   R$ 101,667,00    1
199   R$ 101.039,53    1
200   R$ 101.057,95    1
201   R$ 101.069,71    1
202   R$ 101.089,76    1
203   R$ 101.102,39    1
204   R$ 101.108,85    1
205   R$ 101.139,30    1
206   R$ 101.141,28    1
207   R$ 101.168,30    1
208   R$ 101.168,90    1
209   R$ 101.178,85    1
210   R$ 101.192,08    1
211   R$ 101.240,08    1
212   R$ 101.273,23    1
213   R$ 101.274,17    1
214   R$ 101.300,94    1
215   R$ 101.311,95    1
216   R$ 101.314,65    1
217   R$ 101.319,76    1
218   R$ 101.348,88    1
219   R$ 101.371,05    1
220   R$ 101.371,72    1
221   R$ 101.382,86    1
222   R$ 101.397,86    1
223   R$ 101.418,05    1
224   R$ 101.433,76    1
225   R$ 101.455,07    1
226   R$ 101.485,72    1
227   R$ 101.491,23    1
228   R$ 101.515,76    1
229   R$ 101.617,43    1
230   R$ 101.617,64    1
231   R$ 101.663,47    1
232   R$ 101.677,46    1
233   R$ 101.693,73    1
234   R$ 101.694,67    1
235   R$ 101.699,77    1
236   R$ 101.704,19    1
237   R$ 101.728,46    1
238   R$ 101.737,80    1
239   R$ 101.778,90    1
240   R$ 101.828,39    1
241   R$ 101.834,58    1
242   R$ 101.839,77    1
243   R$ 101.866,39    1
244   R$ 101.905,34    1
245   R$ 101.918,96    1
246   R$ 101.954,78    1
247   R$ 101.986,16    1
248   R$ 102,246,00    1
249   R$ 102.021,39    1
250   R$ 102.036,82    1
251   R$ 102.057,86    1
252   R$ 102.076,03    1
253   R$ 102.083,78    1
254   R$ 102.085,35    1
255   R$ 102.135,92    1
256   R$ 102.153,75    1
257   R$ 102.179,86    1
258   R$ 102.180,27    1
259   R$ 102.184,66    1
260   R$ 102.195,16    1
261   R$ 102.233,73    1
262   R$ 102.260,16    1
263   R$ 102.280,29    1
264   R$ 102.284,20    1
265   R$ 102.297,15    1
266   R$ 102.299,81    1
267   R$ 102.325,19    1
268   R$ 102.391,06    1
269   R$ 102.397,22    1
270   R$ 102.402,91    1
271   R$ 102.416,84    1
272   R$ 102.426,06    1
273   R$ 102.426,12    1
274   R$ 102.428,51    1
275   R$ 102.460,84    1
276   R$ 102.472,90    1
277   R$ 102.502,50    1
278   R$ 102.515,42    1
279   R$ 102.517,83    1
280   R$ 102.530,35    1
281   R$ 102.547,56    1
282   R$ 102.566,46    1
283   R$ 102.591,90    1
284   R$ 102.606,92    1
285   R$ 102.628,56    1
286   R$ 102.628,98    1
287   R$ 102.638,35    1
288   R$ 102.640,52    1
289   R$ 102.655,31    1
290   R$ 102.665,92    1
291   R$ 102.681,32    1
292   R$ 102.747,02    1
293   R$ 102.750,70    1
294   R$ 102.758,43    1
295   R$ 102.763,69    1
296   R$ 102.799,14    1
297   R$ 102.806,60    1
298   R$ 102.889,34    1
299   R$ 102.908,63    1
300   R$ 102.908,91    1
301   R$ 102.921,17    1
302   R$ 102.925,76    1
303   R$ 102.930,46    1
304   R$ 102.950,79    1
305   R$ 102.975,72    1
306   R$ 102.986,15    1
307   R$ 102.999,33    1
308   R$ 103,269,00    1
309   R$ 103.006,27    1
310   R$ 103.042,20    1
311   R$ 103.068,22    1
312   R$ 103.099,22    1
313   R$ 103.108,33    1
314   R$ 103.159,11    1
315   R$ 103.165,15    1
316   R$ 103.174,50    1
317   R$ 103.182,46    1
318   R$ 103.220,56    1
319   R$ 103.232,60    1
320   R$ 103.287,62    1
321   R$ 103.305,01    1
322   R$ 103.315,74    1
323   R$ 103.318,44    1
324   R$ 103.349,74    1
325   R$ 103.372,79    1
326   R$ 103.379,31    1
327   R$ 103.381,47    1
328   R$ 103.396,08    1
329   R$ 103.402,88    1
330   R$ 103.421,91    1
331   R$ 103.456,47    1
332   R$ 103.480,69    1
333   R$ 103.511,26    1
334   R$ 103.516,08    1
335   R$ 103.548,25    1
336   R$ 103.557,85    1
337   R$ 103.557,93    1
338   R$ 103.560,98    1
339   R$ 103.563,23    1
340   R$ 103.570,80    1
341   R$ 103.573,96    1
342   R$ 103.603,65    1
343   R$ 103.608,06    1
344   R$ 103.644,98    1
345   R$ 103.660,31    1
346   R$ 103.697,57    1
347   R$ 103.706,41    1
348   R$ 103.712,05    1
349   R$ 103.713,93    1
350   R$ 103.726,71    1
351   R$ 103.737,82    1
352   R$ 103.760,53    1
353   R$ 103.764,55    1
354   R$ 103.787,28    1
355   R$ 103.792,53    1
356   R$ 103.799,77    1
357   R$ 103.832,58    1
358   R$ 103.898,59    1
359   R$ 103.901,35    1
360   R$ 103.902,11    1
361   R$ 103.914,40    1
362   R$ 103.921,43    1
363   R$ 103.931,49    1
364   R$ 103.934,12    1
365   R$ 103.944,37    1
366   R$ 103.945,58    1
367   R$ 103.970,58    1
368   R$ 104,112,00    1
369   R$ 104.000,06    1
370   R$ 104.016,61    1
371   R$ 104.035,41    1
372   R$ 104.076,51    1
373   R$ 104.079,62    1
374   R$ 104.118,93    1
375   R$ 104.120,17    1
376   R$ 104.152,65    1
377   R$ 104.170,48    1
378   R$ 104.181,78    1
379   R$ 104.189,46    1
380   R$ 104.217,96    1
381   R$ 104.220,50    1
382   R$ 104.222,80    1
383   R$ 104.240,77    1
384   R$ 104.253,56    1
385   R$ 104.263,82    1
386   R$ 104.272,04    1
387   R$ 104.331,76    1
388   R$ 104.353,26    1
389   R$ 104.379,36    1
390   R$ 104.382,11    1
391   R$ 104.393,78    1
392   R$ 104.435,94    1
393   R$ 104.469,06    1
394   R$ 104.492,83    1
395   R$ 104.502,02    1
396   R$ 104.533,51    1
397   R$ 104.610,86    1
398   R$ 104.617,99    1
399   R$ 104.648,58    1
400   R$ 104.665,79    1
401   R$ 104.678,78    1
402   R$ 104.703,96    1
403   R$ 104.706,29    1
404   R$ 104.719,66    1
405   R$ 104.721,50    1
406   R$ 104.722,47    1
407   R$ 104.730,52    1
408   R$ 104.769,96    1
409   R$ 104.786,59    1
410   R$ 104.804,74    1
411   R$ 104.852,60    1
412   R$ 104.876,80    1
413   R$ 104.889,20    1
414   R$ 104.889,30    1
415   R$ 104.902,68    1
416   R$ 104.930,46    1
417   R$ 104.936,88    1
418   R$ 104.982,39    1
419   R$ 104.991,28    1
420   R$ 105.013,63    1
421   R$ 105.028,46    1
422   R$ 105.052,90    1
423   R$ 105.080,53    1
424   R$ 105.096,82    1
425   R$ 105.105,35    1
426   R$ 105.125,65    1
427   R$ 105.140,92    1
428   R$ 105.149,80    1
429   R$ 105.152,17    1
430   R$ 105.155,66    1
431   R$ 105.159,89    1
432   R$ 105.206,48    1
433   R$ 105.218,45    1
434   R$ 105.221,76    1
435   R$ 105.227,86    1
436   R$ 105.279,74    1
437   R$ 105.280,55    1
438   R$ 105.291,26    1
439   R$ 105.295,77    1
440   R$ 105.305,72    1
441   R$ 105.352,55    1
442   R$ 105.383,49    1
443   R$ 105.407,79    1
444   R$ 105.409,31    1
445   R$ 105.425,18    1
446   R$ 105.433,53    1
447   R$ 105.443,47    1
448   R$ 105.448,74    1
449   R$ 105.476,65    1
450   R$ 105.525,36    1
451   R$ 105.533,96    1
452   R$ 105.568,60    1
453   R$ 105.570,39    1
454   R$ 105.599,65    1
455   R$ 105.618,14    1
456   R$ 105.642,43    1
457   R$ 105.715,01    1
458   R$ 105.720,09    1
459   R$ 105.732,90    1
460   R$ 105.746,94    1
461   R$ 105.760,01    1
462   R$ 105.780,18    1
463   R$ 105.784,85    1
464   R$ 105.817,63    1
465   R$ 105.818,51    1
466   R$ 105.837,38    1
467   R$ 105.886,77    1
468   R$ 105.887,04    1
469   R$ 105.890,55    1
470   R$ 105.898,69    1
471   R$ 105.922,69    1
472   R$ 105.965,25    1
473   R$ 105.969,05    1
474   R$ 105.983,09    1
475   R$ 105.986,01    1
476   R$ 105.997,25    1
477       R$ 106,67    1
478   R$ 106.024,02    1
479   R$ 106.040,97    1
480   R$ 106.061,47    1
481   R$ 106.095,82    1
482   R$ 106.116,84    1
483   R$ 106.117,30    1
484   R$ 106.149,48    1
485   R$ 106.174,70    1
486   R$ 106.197,44    1
487   R$ 106.202,07    1
488   R$ 106.276,55    1
489   R$ 106.282,74    1
490   R$ 106.287,77    1
491   R$ 106.303,40    1
492   R$ 106.327,85    1
493   R$ 106.340,66    1
494   R$ 106.345,05    1
495   R$ 106.390,01    1
496   R$ 106.457,11    1
497   R$ 106.472,34    1
498   R$ 106.534,15    1
499   R$ 106.564,88    1
500   R$ 106.636,89    1
 [ reached 'max' / getOption("max.print") -- omitted 9499 rows ]
